25523349842
16787556976
13723723726
19535620937
14098461281
29857413598
14595679330
22989921958
11115033636
12962519388
20010052896
29001556204
22838782376
12191077407
11166455950
15753139014
13309875460
23779099424
12757008566
24303717070
17045912476
10226385224
14329574511
10556832988
14263753113
20990562203
25729919252
14244244741
26286001571
25481660012
12365312290
19452848454
16953163919
27819465812
19953366343
20953821782
29681931797
13095201004
11514837706
20035535692
13775684653
24528995655
26144107709
10974684552
28332801108
11275826001
25193905101
19683828190
10134850762
26089894968
22835190971
12968586117
16287778508
27656334843
26835563357
21521025797
27019156452
23019673059
26967958695
19430286139
18378221473
13274449997
23397935928
24210594482
27455061140
18171857775
12041434557
15335216314
14088461386
13126151002
16577716422
22005227299
20107805327
20438467026
11716376043
15070452204
18655403173
11341751176
22805782516
10611317429
25371236262
23112339184
23666340034
12720963582
10510746212
20446475639
17836081801
27928159039
16450093204
16161770630
10463340085
21875597357
13119952187
14339381013
24269024598
25606497248
29348547636
12936529178
11692049463
21530115455